500015,500070,500073,500075,500092-500093,500103-500104,500124,500129,500144
500151,500174,500191,500220,500235,500249,500253,500258,500268,500326,500340
500358,500373,500402,500689,500692-500693,500705,500712,500913,500918,500928
500943,500950,501535,502455,503826,504452,560241,560529,570050,570097,570131
572612,573054,573309,630869,681109,704120,706370,706392,706442,706888
800020,800038,800054,800081,800084,800099,800144,800152,800163,800168,800172
800177-800178,800180,800204,800207-800208,800211,800214,800234,800260
800306-800309,800311,800316,800340,800345,800347,800355,800358-800360,800376
800413,800432,800446,800497,800499,800507,800516,800622,800628,800637
800774-800776,800780-800781,800785,800792,800806,800809-800810,800845,800854
800876,800904,800946,801004-801005,801054-801055,801063-801064,801074,801079
801084,801086,801130-801131,801191-801192,801260,801275,801281-801282
801290-801292,801446,801448,801461,801465,801477,801481,801498,801501,801607
801696-801697,801709,801716,801755,801757,801797,801827,801839,801844,801847
801851,801903,801905,801908,801913,801942,801952,801987,801996,802020
802059-802060,802087,802100,802107,802117,802139-802140,802173-802174,802188
802197,802202,802269,802271,802276,802286,802342,802678,802717,802870,802874
803030,803082-803083,803129,803132,803138,803288,803331,803841,803956
803973-803974,803992,803997,804017,804024-804025,804027,804036,804127-804128
804138,804169,804175,804195,804247,804315,804433,804450,804461,804474,804591
804621,804623,804638,804685,804726,804737,804799-804800,804830,804906,804919
804963,804982-804983,804986,805044,805074,805108,805110,805150,805190
805239-805240,805248,805253,805258,805327,805351,805360,805405-805406,805421
805462,805476,805496,805502,805555,805572-805573,805583,805670-805671,805717
805754,805761,805776,805794,805808,805815,805832-805833,805847,805867,805896
805979,805985,806039,806060,806073,806095,806118,806123,806125,806146-806147
806153,806155,806163,806178,806185-806186,806289,806328,806332,806335,806345
806407-806408,806453,806473,806477,806479,806521,806611,806729,806960,807014
807058,807133,807175,807347,807857,960000-963446,997800
