500342.1.108:801665,802718
500722.2.108:802197,962480,962485,962490,962496,962505,962515,962526,962539,962552,962567,962583,962599,962615,962626
704482.2.107:804414
704820.2.107:806228
705055.1.108:801665,801716,802718,961200,961214,961228,961242,961258,961274,961290,961306,961318
705056.1.108:801716,961200,961214,961228,961242,961258,961274,961290,961306,961318
705072.1.108:801665,802718
705227.2.108:804830,963347,963357,963367,963382,963396,963410,963424,963441
705518.2.108:801839,801859,963315,963320,963326,963332,963339,963349,963359,963369,963378,963392,963406,963420,963436
705641.2.107:805115,805572,807815,961326,961332,961339,961346,961353,961360,961369,961378,961389,961396,961407,961418,961429,961441
705642.2.107:805115,805572,807815,961326,961332,961339,961346,961353,961360,961369,961378,961389,961396,961407,961418,961429,961441
705656.1.107:500707
705691.2.108:806242
705789.2.107:801693,806289,961157,961166,961176,961186,961196,961208,961222,961236,961247,961263,961279,961295,961312
705960.2.108:802262,803697,912446,912447
706009.2.108:500928,806407,963310,963312,963316,963321,963327,963334,963342,963352,963362,963372,963374,963384,963388,963398,963402,963412,963416,963426,963430,963433,963443
706010.2.108:500928,806407,963310,963312,963316,963321,963327,963334,963342,963352,963362,963372,963374,963384,963388,963398,963402,963412,963416,963426,963430,963433,963443
706049.3.108:806408,806455,807712,963373,963385,963399,963413,963427,963444
706164.1.107:30106
706231.3.107:520518,806228
706717.3.108:801844,801847,806455,807712,963319,963323,963325,963329,963331,963336,963338,963344,963346,963354,963356,963364,963366,963376,963379,963390,963393,963404,963407,963418,963421,963432,963437,963438
800703.1.108:500094,504687,800768,802006,802020,802111,802138,802273,802277,802278,802279,803502,804193,805753,805770,962125,962131,962139,962148,962160,962173,962187,962202,962217,962232,962247,962262,962277,962285
802168.2.107:801768
803997.2.108:800207,802060,960950,960955,960959,960964,960968,960973,960979,960985,960992,960998,961005,961011,961019,961025,961033,961041,961051,961059,961063,961077,961081,961095,961099,961113,961117,961133,961138
803998.1.108:801859
804488.1.108:31980
804620.2.107:800168,960259,960265,960273,960283,960297,960311,960325,960339,960353,960366,960381,960396,960411,960420
804624.2.107:800168,960259,960265,960273,960283,960297,960311,960325,960339,960353,960366,960381,960396,960411,960420
804700.2.108:804937,805736,915450,915451
804903.2.107:500235,805308,805351,963012,963015,963020,963024,963027,963031,963034,963038,963041,963045,963048,963054,963057,963063,963066,963072,963076,963085,963088,963097,963100,963109,963112,963121,963124,963131,963136
804903.3.107:680918,681273
804976.3.107:801040
805104.3.108:680918,681273,801851,963311,963314,963318,963324,963330,963337,963345,963355,963365,963377,963391,963405,963419,963434
805181.2.108:801472
805184.2.108:801191,803851,962841,962847,962853,962862,962874,962887,962900,962915,962931,962947,962963,962979,962995,963000
805388.3.108:583275,803109
805503.2.108:801844,963319,963325,963331,963338,963346,963356,963366,963379,963393,963407,963421,963437
805524.2.107:500714,803037,803082,961362,961371,961380,961391,961400,961411,961422,961433,961446
805920.2.107:804414
806207.3.108:570339
806425.1.108:25752,25753,25757,25758
806458.2.107:25503
806602.2.108:500961,802717,961151,961155,961162,961171,961181,961191,961203,961217,961231,961245,961261,961277,961293,961310
910634.1.108:801859
910635.1.108:801859
910640.2.108:801472
910641.2.108:801472
910642.2.108:801191,803851,962841,962847,962853,962862,962874,962887,962900,962915,962931,962947,962963,962979,962995,963000
910643.2.108:801191,803851,962841,962847,962853,962862,962874,962887,962900,962915,962931,962947,962963,962979,962995,963000
911212.2.107:806228
911213.2.107:806228
911542.3.108:570339
911543.3.108:570339
911854.3.108:583275,803109
911855.3.108:583275,803109
912454.2.107:800168,960259,960265,960273,960283,960297,960311,960325,960339,960353,960366,960381,960396,960411,960420
912455.2.107:800168,960259,960265,960273,960283,960297,960311,960325,960339,960353,960366,960381,960396,960411,960420
912704.2.108:802197,962480,962485,962490,962496,962505,962515,962526,962539,962552,962567,962583,962599,962615,962626
912705.2.108:802197,962480,962485,962490,962496,962505,962515,962526,962539,962552,962567,962583,962599,962615,962626
913070.2.107:25503
913071.2.107:25503
913348.2.108:801844,963319,963325,963331,963338,963346,963356,963366,963379,963393,963407,963421,963437
913349.2.108:801844,963319,963325,963331,963338,963346,963356,963366,963379,963393,963407,963421,963437
913354.2.107:500714,803037,803082,961362,961371,961380,961391,961400,961411,961422,961433,961446
913355.2.107:500714,803037,803082,961362,961371,961380,961391,961400,961411,961422,961433,961446
913654.3.107:801040
913655.3.107:801040
913668.3.108:680918,681273,801851,963311,963314,963318,963324,963330,963337,963345,963355,963365,963377,963391,963405,963419,963434
913669.3.108:680918,681273,801851,963311,963314,963318,963324,963330,963337,963345,963355,963365,963377,963391,963405,963419,963434
913916.2.108:804830,963347,963357,963367,963382,963396,963410,963424,963441
913917.2.108:804830,963347,963357,963367,963382,963396,963410,963424,963441
915408.1.108:801665,801716,802718,961200,961214,961228,961242,961258,961274,961290,961306,961318
915409.1.108:801665,801716,802718,961200,961214,961228,961242,961258,961274,961290,961306,961318
915416.1.108:801665,802718
915417.1.108:801665,802718
915708.2.107:801693,806289,961157,961166,961176,961186,961196,961208,961222,961236,961247,961263,961279,961295,961312
915709.2.107:801693,806289,961157,961166,961176,961186,961196,961208,961222,961236,961247,961263,961279,961295,961312
960128.2.108:800207,802060,960950,960955,960959,960964,960968,960973,960979,960985,960992,960998,961005,961011,961019,961025,961033,961041,961051,961059,961063,961077,961081,961095,961099,961113,961117,961133,961138
960140.2.108:800207,802060,960950,960955,960959,960964,960968,960973,960979,960985,960992,960998,961005,961011,961019,961025,961033,961041,961051,961059,961063,961077,961081,961095,961099,961113,961117,961133,961138
960153.2.108:800207,802060,960950,960955,960959,960964,960968,960973,960979,960985,960992,960998,961005,961011,961019,961025,961033,961041,961051,961059,961063,961077,961081,961095,961099,961113,961117,961133,961138
960166.2.108:800207,802060,960950,960955,960959,960964,960968,960973,960979,960985,960992,960998,961005,961011,961019,961025,961033,961041,961051,961059,961063,961077,961081,961095,961099,961113,961117,961133,961138
960187.2.108:800207,802060,960950,960955,960959,960964,960968,960973,960979,960985,960992,960998,961005,961011,961019,961025,961033,961041,961051,961059,961063,961077,961081,961095,961099,961113,961117,961133,961138
960202.2.108:800207,802060,960950,960955,960959,960964,960968,960973,960979,960985,960992,960998,961005,961011,961019,961025,961033,961041,961051,961059,961063,961077,961081,961095,961099,961113,961117,961133,961138
960217.2.108:800207,802060,960950,960955,960959,960964,960968,960973,960979,960985,960992,960998,961005,961011,961019,961025,961033,961041,961051,961059,961063,961077,961081,961095,961099,961113,961117,961133,961138
960232.2.108:800207,802060,960950,960955,960959,960964,960968,960973,960979,960985,960992,960998,961005,961011,961019,961025,961033,961041,961051,961059,961063,961077,961081,961095,961099,961113,961117,961133,961138
960250.2.108:800207,802060,960950,960955,960959,960964,960968,960973,960979,960985,960992,960998,961005,961011,961019,961025,961033,961041,961051,961059,961063,961077,961081,961095,961099,961113,961117,961133,961138
